0.3477
100,1
1002
101,1
1002
102,0
103,0
104,1
1003
105,1
1003
106,1
1000
107,0
108,1
1003
109,0
110,1
1002
111,1
1003
112,1
1002
113,0
114,1
1001
115,0
116,0
117,1
1001
118,1
1000
119,1
1002
120,1
1003
121,0
122,1
1002
123,0
124,1
1002
125,1
1003
126,1
1000
127,0
128,0
129,1
1000
130,1
1003
131,1
1000
132,1
1002
133,0
134,1
1000
135,1
1003
136,1
1002
137,1
1000
138,0
139,1
1003
140,1
1003
141,0
142,0
143,1
1003
144,1
1000
145,1
1003
146,1
1002
147,0
148,1
1003
149,1
1000
150,1
1003
151,1
1003
152,1
1002
153,1
1003
154,0
155,1
1001
156,1
1003
157,0
158,1
1000
159,0
160,1
1003
161,0
162,0
163,0
164,0
165,0
166,1
1003
167,1
1000
168,1
1001
169,1
1003
170,1
1003
171,0
172,1
1001
173,1
1002
174,1
1002
175,1
1003
176,1
1000
177,1
1000
178,1
1003
179,1
1003
180,0
181,1
1002
182,1
1000
183,1
1000
184,0
185,1
1003
186,1
1002
187,1
1002
188,1
1002
189,1
1002
190,0
191,1
1003
192,0
193,0
194,1
1003
195,1
1000
196,1
1003
197,0
198,1
1002
199,0
