0.6839
100,0
101,1
1003
102,0
103,0
104,0
105,0
106,1
1000
107,0
108,0
109,0
110,0
111,0
112,0
113,0
114,0
115,1
1002
116,0
117,0
118,0
119,0
120,0
121,0
122,0
123,1
1000
124,0
125,0
126,0
127,0
128,0
129,0
130,0
131,1
1000
132,1
1002
133,1
1004
134,0
135,0
136,0
137,0
138,0
139,1
1000
140,0
141,0
142,0
143,0
144,1
1001
145,0
146,0
147,1
1002
148,0
149,0
150,1
1000
151,0
152,0
153,0
154,0
155,0
156,0
157,0
158,0
159,0
160,0
161,0
162,0
163,1
1000
164,0
165,0
166,0
167,0
168,0
169,1
1004
170,0
171,1
1000
172,0
173,0
174,0
175,0
176,0
177,1
1001
178,0
179,1
1004
180,0
181,1
1000
182,0
183,1
1003
184,1
1000
185,0
186,1
1001
187,0
188,0
189,0
190,0
191,0
192,0
193,0
194,0
195,1
1002
196,1
1002
197,0
198,0
199,0
