0.3921
100,1
1000
101,1
1003
102,1
1002
103,1
1001
104,0
105,1
1001
106,1
1004
107,0
108,1
1002
109,0
110,1
1003
111,0
112,0
113,1
1001
114,0
115,1
1000
116,1
1002
117,1
1001
118,0
119,1
1002
120,0
121,1
1003
122,1
1002
123,1
1002
124,0
125,0
126,1
1000
127,1
1000
128,0
129,0
130,1
1001
131,1
1002
132,1
1001
133,1
1003
134,1
1001
135,1
1002
136,1
1004
137,1
1004
138,1
1003
139,1
1003
140,1
1004
141,1
1003
142,0
143,1
1004
144,1
1001
145,1
1000
146,0
147,0
148,1
1000
149,1
1003
150,1
1000
151,0
152,1
1003
153,1
1002
154,1
1000
155,0
156,1
1004
157,1
1003
158,0
159,1
1001
