0.4200
100,0
101,1
1001
102,1
1003
103,1
1001
104,1
1001
105,1
1001
106,1
1001
107,2
1000
1002
108,0
109,1
1002
110,0
111,1
1000
112,1
1001
113,0
114,0
115,0
116,1
1002
117,1
1002
118,1
1002
119,1
1003
120,0
121,1
1001
122,0
123,0
124,0
125,1
1003
126,1
1000
127,1
1003
128,1
1003
129,0
130,1
1001
131,0
132,0
133,0
134,0
135,1
1000
136,1
1000
137,1
1002
138,0
139,1
1002
140,1
1002
141,1
1000
142,0
143,1
1000
144,1
1000
145,0
146,0
147,0
148,0
149,0
150,0
151,1
1002
152,1
1001
153,1
1000
154,0
155,1
1001
156,1
1002
157,0
158,1
1000
159,1
1000
