0.2485
100,1
1000
101,2
1001
1002
102,2
1003
1016
103,2
1016
1017
104,1
1002
105,1
1014
106,2
1005
1018
107,1
1019
108,1
1004
109,1
1007
110,0
111,2
1008
1015
112,1
1004
113,1
1015
114,1
1003
115,0
116,1
1004
117,2
1005
1012
118,1
1010
119,1
1008
120,2
1011
1016
121,2
1002
1010
122,1
1002
123,2
1012
1013
124,1
1013
125,2
1007
1019
126,2
1013
1015
127,3
1004
1015
1017
128,1
1003
129,1
1010
130,1
1015
131,2
1006
1011
132,3
1003
1007
1013
133,2
1005
1013
134,4
1003
1004
1005
1007
135,1
1012
136,1
1000
137,0
138,1
1017
139,2
1009
1010
