0.6982
100,0
101,0
102,0
103,0
104,0
105,0
106,0
107,0
108,0
109,0
110,0
111,0
112,1
1002
113,0
114,1
1002
115,1
1001
116,0
117,0
118,1
1000
119,0
120,0
121,0
122,0
123,0
124,0
125,0
126,0
127,1
1000
128,1
1002
129,0
130,1
1001
131,1
1001
132,0
133,1
1002
134,0
135,0
136,0
137,0
138,1
1000
139,0
140,1
1000
141,0
142,0
143,1
1000
144,1
1002
145,0
146,0
147,0
148,1
1002
149,0
150,1
1002
151,0
152,0
153,0
154,0
155,1
1001
156,1
1001
157,0
158,0
159,1
1002
160,0
161,0
162,0
163,0
164,0
165,0
166,0
167,0
168,0
169,0
170,0
171,0
172,1
1000
173,0
174,0
175,0
176,0
177,0
178,0
179,1
1000
180,0
181,0
182,0
183,0
184,0
185,0
186,0
187,0
188,1
1000
189,0
190,0
191,0
192,0
193,0
194,0
195,1
1001
196,0
197,0
198,0
199,0
200,1
1000
201,1
1000
202,0
203,0
204,0
205,0
206,0
207,0
208,0
209,0
210,0
211,0
212,0
213,0
214,0
215,0
216,0
217,0
218,0
219,0
220,0
221,1
1002
222,0
223,0
224,0
225,0
226,0
227,0
228,0
229,0
230,0
231,0
232,0
233,0
234,0
235,0
236,0
237,0
238,0
239,0
240,0
241,0
242,0
243,0
244,0
245,1
1001
246,0
247,1
1000
248,0
249,0
250,0
251,0
252,0
253,0
254,0
255,0
256,0
257,0
258,0
259,0
260,0
261,0
262,0
263,1
1002
264,0
265,1
1001
266,0
267,0
268,0
269,0
270,0
271,0
272,0
273,0
274,0
275,0
276,0
277,0
278,0
279,0
280,0
281,0
282,0
283,0
284,0
285,1
1000
286,0
287,1
1000
288,1
1002
289,0
290,0
291,0
292,0
293,0
294,0
295,0
296,0
297,0
298,0
299,0
