0.2599
100,3
1009
1010
1011
101,2
1000
1004
102,2
1010
1024
103,2
1000
1015
104,1
1018
105,2
1015
1026
106,3
1002
1009
1024
107,1
1024
108,2
1005
1012
109,1
1023
110,1
1019
111,3
1003
1018
1025
112,3
1010
1023
1025
113,2
1006
1012
114,0
115,1
1029
116,2
1002
1015
117,3
1001
1018
1020
118,0
119,1
1013
120,3
1009
1016
1028
121,2
1000
1015
122,1
1022
123,0
124,2
1012
1017
125,3
1007
1022
1027
126,0
127,2
1003
1007
128,1
1018
129,2
1009
1021
130,2
1022
1024
131,2
1007
1011
132,2
1015
1028
133,0
134,2
1003
1019
135,1
1008
136,1
1010
137,1
1021
138,2
1006
1014
139,3
1021
1025
1026
140,1
1002
141,2
1000
1012
142,3
1002
1025
1028
143,3
1002
1008
1013
144,1
1027
145,1
1007
146,2
1003
1014
147,1
1021
148,3
1014
1023
1025
149,1
1000
150,0
151,1
1016
152,1
1027
153,2
1007
1023
154,1
1019
155,1
1012
156,1
1014
157,0
158,3
1014
1023
1029
159,1
1028
