0.6037
100,1
1001
101,0
102,0
103,1
1000
104,0
105,1
1002
106,2
1000
1003
107,0
108,1
1003
109,1
1001
110,1
1003
111,0
112,1
1001
113,0
114,0
115,1
1005
116,0
117,0
118,0
119,1
1005
120,0
121,1
1001
122,0
123,1
1003
124,0
125,1
1003
126,0
127,1
1002
128,0
129,0
130,1
1000
131,0
132,0
133,1
1003
134,0
135,0
136,1
1000
137,0
138,2
1000
1003
139,0
140,1
1003
141,0
142,0
143,0
144,1
1002
145,0
146,0
147,1
1002
148,0
149,0
150,0
151,1
1003
152,0
153,1
1004
154,1
1000
155,0
156,1
1002
157,0
158,1
1001
159,0
160,0
161,0
162,0
163,0
164,0
165,0
166,0
167,1
1003
168,0
169,0
170,0
171,0
172,1
1000
173,1
1004
174,0
175,0
176,1
1002
177,0
178,0
179,0
180,1
1002
181,0
182,1
1003
183,1
1000
184,0
185,0
186,1
1003
187,0
188,0
189,0
190,0
191,1
1000
192,0
193,0
194,0
195,0
196,0
197,0
198,0
199,0
