0.5888
100,2
1003
1007
101,0
102,1
1002
103,0
104,1
1005
105,1
1004
106,0
107,1
1000
108,1
1003
109,1
1000
110,0
111,0
112,1
1003
113,0
114,1
1006
115,0
116,0
117,2
1002
1007
118,0
119,1
1004
120,1
1005
121,0
122,1
1004
123,1
1004
124,0
125,1
1003
126,1
1007
127,1
1007
128,1
1007
129,0
130,1
1003
131,0
132,0
133,1
1007
134,0
135,0
136,1
1004
137,1
1001
138,0
139,0
140,1
1005
141,1
1006
142,0
143,1
1001
144,1
1004
145,0
146,0
147,0
148,0
149,0
150,1
1002
151,1
1001
152,0
153,1
1002
154,0
155,0
156,1
1002
157,0
158,0
159,1
1001
160,1
1007
161,1
1004
162,0
163,1
1007
164,0
165,1
1001
166,1
1003
167,0
168,0
169,0
170,0
171,0
172,0
173,0
174,0
175,0
176,0
177,0
178,1
1001
179,0
180,1
1006
181,1
1004
182,1
1003
183,0
184,0
185,0
186,0
187,0
188,0
189,0
190,0
191,1
1005
192,1
1004
193,0
194,0
195,0
196,0
197,0
198,0
199,1
1005
