0.5607
100,1
1002
101,1
1006
102,1
1004
103,0
104,1
1004
105,1
1000
106,1
1003
107,0
108,0
109,1
1005
110,0
111,0
112,1
1004
113,0
114,1
1005
115,1
1005
116,0
117,1
1002
118,0
119,2
1003
1004
120,0
121,1
1000
122,0
123,1
1003
124,0
125,1
1001
126,1
1001
127,1
1002
128,0
129,0
130,0
131,0
132,1
1000
133,0
134,1
1005
135,0
136,1
1001
137,1
1004
138,0
139,1
1006
140,0
141,1
1002
142,0
143,2
1005
1006
144,0
145,1
1005
146,1
1005
147,0
148,0
149,1
1002
150,1
1002
151,0
152,0
153,1
1006
154,2
1005
1006
155,0
156,0
157,0
158,0
159,0
160,0
161,1
1001
162,0
163,0
164,1
1003
165,1
1002
166,1
1003
167,0
168,0
169,0
170,1
1005
171,0
172,1
1003
173,0
174,1
1005
175,0
176,0
177,1
1001
178,0
179,0
180,1
1006
181,0
182,1
1003
183,1
1003
184,1
1005
185,0
186,0
187,0
188,0
189,0
190,0
191,0
192,0
193,0
194,0
195,0
196,0
197,1
1006
198,0
199,1
1006
