0.5578
100,0
101,0
102,2
1003
1006
103,0
104,1
1000
105,1
1002
106,0
107,0
108,1
1005
109,0
110,1
1004
111,1
1006
112,1
1007
113,1
1002
114,0
115,0
116,0
117,0
118,0
119,1
1000
120,0
121,1
1003
122,0
123,0
124,0
125,1
1007
126,1
1000
127,1
1001
128,1
1008
129,0
130,0
131,1
1000
132,1
1001
133,1
1004
134,0
135,0
136,1
1008
137,0
138,0
139,1
1006
140,0
141,0
142,2
1003
1006
143,0
144,1
1003
145,0
146,1
1007
147,1
1001
148,1
1006
149,1
1008
150,0
151,1
1001
152,1
1008
153,1
1001
154,0
155,0
156,0
157,0
158,0
159,0
