0.2038
100,1
1006
101,2
1003
1013
102,3
1008
1013
1020
103,1
1019
104,1
1002
105,1
1009
106,2
1015
1019
107,0
108,2
1003
1021
109,2
1001
1013
110,1
1021
111,3
1008
1011
1016
112,2
1004
1022
113,3
1000
1006
1024
114,2
1008
1017
115,4
1005
1006
1012
1017
116,2
1007
1011
117,2
1004
1017
118,0
119,2
1007
1011
120,0
121,2
1000
1019
122,2
1008
1018
123,2
1011
1014
124,2
1020
1024
125,2
1000
1016
126,1
1024
127,4
1001
1006
1007
1012
128,2
1013
1019
129,0
130,1
1010
131,1
1023
132,2
1016
1023
133,3
1013
1022
1024
134,3
1005
1014
1017
135,3
1001
1019
1023
136,3
1001
1006
1024
137,1
1008
138,2
1001
1007
139,3
1004
1020
1022
