0.3998
100,1
1011
101,1
1014
102,1
1008
103,1
1006
104,1
1004
105,2
1003
1011
106,1
1001
107,0
108,0
109,1
1003
110,1
1001
111,1
1004
112,2
1003
1013
113,2
1001
1006
114,1
1000
115,1
1011
116,0
117,2
1009
1010
118,1
1004
119,2
1008
1013
120,1
1005
121,2
1003
1009
122,1
1000
123,0
124,0
125,1
1014
126,1
1013
127,2
1008
1009
128,1
1009
129,0
130,2
1002
1003
131,1
1013
132,0
133,1
1007
134,0
135,1
1006
136,1
1001
137,1
1013
138,1
1014
139,1
1002
140,1
1012
141,0
142,1
1009
143,0
144,1
1002
145,0
146,1
1004
147,0
148,0
149,0
